50
0
-0.000577082025881203
-0.00151345381525573
-0.00270699356099975
-0.00395368277725461
-0.00485745254820201
-0.00488427823238283
-0.00353914141067942
-0.000605944053236878
0.00363693643103324
0.00831885458358753
0.0120690543220256
0.0133230131370116
0.0108009759278334
0.00404802978546945
-0.00612538759616504
-0.0174753763939469
-0.0265604394224049
-0.0294169988988105
-0.0225749914851436
-0.00417241089830676
0.0251735798044074
0.0620911095584449
0.101000555064761
0.135426978957394
0.159582180323628
0.169157336607888
0.159582180323628
0.135426978957394
0.101000555064761
0.0620911095584449
0.0251735798044074
-0.00417241089830676
-0.0225749914851436
-0.0294169988988105
-0.0265604394224049
-0.0174753763939469
-0.00612538759616504
0.00404802978546945
0.0108009759278334
0.0133230131370116
0.0120690543220256
0.00831885458358753
0.00363693643103324
-0.000605944053236878
-0.00353914141067942
-0.00488427823238283
-0.00485745254820201
-0.00395368277725461
-0.00270699356099975
-0.00151345381525573
-0.000577082025881203
